19111111111111111111111111111111111111111111111111111111111111111111111111111111111111111
10100010111100000010000110000010000111001010001000101000011100100110000001100100000000101
10101110010001111111101110110110101100011000101011101011010101110100111111001101011010001
10101000111011100101001011100100100001110010100000000001000000000001100000011101110010111
10000010001010101101100000001101111011010111101111011111011101101111001110110111010011111
10110110101010100000101101111000010010000100001001001000000100101000011110000010010110011
10100100100000001110000101100011110111111111100011111011101101100011111100111110110000111
11110101101101101010111100101010100000001100001010100000001000001110101001110000100111111
10010101001001000010000101111110001101100101111010101111011011011110000011010111110001011
11000111011011011010111111010100111101001100001110101101111010000100101110000000100111011
11110100001000000010101010000110100101011001111000000101001111101110111111011110101110001
11000101111111110110000000111110001111010011101101011100011001000100100100010000101010111
11010111100001000000110111100011111010000110101001000001110011111101101111110111101000011
10010010101111011101100100101010101000111110000011111111000111100000001001010101001101111
10110110001001010001001101101110100011101011101010101000011101001011111100010001011000101
11100010111101000111100001000100001110001010101110101011000100011010100111000100001011101
10001110100000010100111111010101101000111000100100000001110110111010101101110111011000001
10101010101101011110001010010100100011111010001101110111100000101010101000100010010011011
11101000100111000010100000111101111000010010111000011110110110000000000011101110110111001
10001010001101011000101101110001010010111000000010110010000110110101111110001000100101011
10111110111001010011100100010111000110010011111111100111110010011111100000111011110101111
10100000010011010111001101111100011110111110101000001111010111001010111101100000010100101
11110111010110000001111000100001110010001010001011011010000001111000010111101111010001101
10010101000100111100100011101011100111111000100001001000111111010011110010101100000111001
10111101010110100001110110001000101111010011101011011011111000000110110110100101111100011
10100000010010101011000100111011101111010111001001001010010011011100010100001101010001111
10001110111110001001010101101000000101011111101011111000110110001001010001111101011100001
11111000101010111111010101000010110101001010101110100011100000111011011011000101000001101
10100011101000000101110001010111110000011010000000001111001111100010010000010101111111001
10001110100011011100100111111100011011111000110101111101011010110111000111110000101000011
10101010111001001001110000100001110001001011100101000101000010100001110110100101101101111
11100000100011101011100110101111000111011110001111011101010110001111100010001111000101001
10001111111010101011101110001000010100000100111111000000011100111000110110101010011101011
10111010010010001001001011011110110001110001100101110110110001100010011110100000111000011
10000000110110101011101000000010100101000101001101000000010101001111010011111111111101011
10101011100000100000000011011000111101011100011100011110110111100001000111010111010001011
11101001001110111110110110001010001001010001000110110100100000001101111101000010010111001
11001011011100010010011110100010101111111011111110000110001101011000010000010110110101011
10011000010110110111110010101111100100101010101011110010101101010011010101110000000101001
10111011010000000101100110000100001110100000000010100110100111110110000111000110111100011
11101000010111110100101110101101100000101011011000001110101101100000110000010010001001111
10000010110010010001100010111000101101111010010011011011111100101010110110110111101011001
10110110100111000111001000100010111000010010111110000001000110001010010011100001001010011
10010011101101011101011011111111110011110110100000101101011110100011010110101111011000111
11010110100001010001110010000100011010100100111110111001000011101111000000001010010011111
11000100001100010100000110110101110010101101111000010011011110000101101111101011111111011
11011111101001110110111100000000100110111000010010111110000100111101100010100001000001011
10010010001011011100100001111111111100010011111110111011101101100000111000001011011011001
11000110111110001001101011010100010001110111111100010000100001001110001110111010010000011
11010010100000111011101001010101110111000101110111110111101011011000111010010000111011111
10010110001101101011101011010000100100011100100001010010001000001101100000110111101010101
10110100101000000001001000000110101101010001101111011010111011011101001110100100000000001
11110001101011010111011111011110000001110100000000010000101001110111011111101111101110111
11011111001010010101010100000010111111011101011111110110100011010110010100001010100000101
10000010011000110000010001111110001000000001010101000100001010000010110001111010101111101
11110110110010000101011111000000111011111011000100011101111000110111100111000000100010001
10000100010110110111001000011110000001000001110101111100010010100000101110011010001110111
10110001011110011100011010110100111011111111000000001001110110101101111011011011111010001
10000111000011111001110011100001110010000000011111111111011100001000010000001000000000101
11111111111111111111111111111111111111111111111111111111111111111111111111111111111111181
