191111111111111111111111111111111111111111111111111111111111111111111111111111111111111111111111111111111111111111111111
100010110000000000000101011110001110110011000111111001111100001111011001100111000111010011101100000001011110010111001101
101110000101111101010100000000100000000111010000001011010111011001011011001110011111011011000001010101011000110000011101
101000101111010111111101110111111011101101110101100001010010010011001010011011000011000001011101010100001011100111110101
100011100010000000000000000101000001001001000100111100000111010111011000110010011001011101010111111101111000101110100001
101010001000110110101110110001011111111011011111110001101101010101010010100110111011110100000000001000100011100010001011
101010101110100010101000011100010010101000000010011011000101000100011110001100001011100001111011011101110110001111101111
101111100010101010000011110101110110101011111000110010011100011110110100111101101001001011100001000111000000100101000101
100000110111111110101110010001010100101001010011100111110001010010100001100100100011101110101011011100010110101100011101
101011100001010110111010111111010101101101000110001101000111000110101100101101101110100000101010010111110100000001110001
101010001100000010000000001000000100101001101100111101011110010000000001100000100000001111101010110010110111111011000111
101110111101010111111011011101111101101011000001100101010010110111101111001101111111111010101111110110010001000000010011
100000000101010101010000010000010100000001101111001101110111100000101010011000010111000010001001010100111011011010110111
101010111100011101000110110101110101111100111010011000010101001110001010110011110010011110111100000101100000010010011101
101011111001110000010011110101010101110110000000110011010100011010101000110110000111010010000001111100110111111111010001
100001010011100111010110010100000000100000111101100110000101111000101110010010101100000111011111010001110000101001010111
101111010110111101000000111101111110001011111000001110101111001011100100111010111101110101000000011101010111101011010011
101001000000100100010111100000001000111000010011111010100100011000110101110000000101000001011101110101000101000010000111
100011110111101110110001101111111101110011000111101011101101110010100111011111011111011111001000000100011101011110111101
111000100001001000000100111101000100010111010101100000111101000111101111010100010000010010011110111111010101001010101001
100010101100011111010101100100011110110001110000101110000100011101000010000001010111010111010011100000000101011000100011
101110000111011101010100001110111000100100010111111000110001110000011110110101000100000100010111001010101100000010001111
100100101100001001000101111000101011111101110001010011100111010111111000010101111110111110110101111110111101111010111001
101111100101101101011111010011101010010001000100010110001110000100101011011111100010101011110001010010100100101000000011
111001001111001000000000000110100000111011110101010110101010111110101001110000110110001000010101010111101111101011011011
110011011010011111010111110100001010110010010001000011101000101010100011100101100011100011110101000101001010000001110011
110110010011010100010100100101101010011111000100011111000010000000001111101100101110101001010001011101100010111011010111
100011000111000101111101101111100010111001010111010001010111111111011001000101100000111011000100001000101111100000010011
101000011111011100101000000010111010111011111100010111110001000000010011010100001010100010010111101011100001001111110111
111111001010001001100011101110101000010000001001110010011100010111110110010111011010110111110010000001001100011000000001
110101011000111101001110100100101011000110111101110110111101110000000010110000010011100101110110110101011101010011111101
100101010010010000011100001101101010011100100000100000101000011110111000100111110110110000100000010100000111111010101001
110101000111111101000111111001001010110101110110001111100011111000100011101110000100011011111101111111111110001110101101
110000011111000001010010010011011000100001010000101010001110101011101111101011111110110001010001110010000010111000000111
100101110010010101011110111010010010111011000101100000111010101111000001001001001000011101000100100110111000010011110011
110111010110110111000010101000110111110001101111101101100000101001010111111011101011000000011111101100010010111110000111
100001000010100010011110000011110001010111000010100001001110000011110010000000000010011011111000000001011110101010110101
101100010111110110110100101111010101000010011000001111101010101011100111101111101000110000101101011011001010001010110001
111001110001011110000001100001000100011010111011100000000010111001001101001001001010100110100101001000011000111000010111
100011000100001011110111001111010111110011111110101110111010010011101000011101011111101100001101101010110010100010111111
111110011110100000100010011100010001000110010000001000101010111001000011110000000001001101111001001110100110001110001011
110000110011110101111011110111011101111110111110111101100000010011011001000111101111100111000011111000001110111100101011
100111100111010111010001010111001000001010101000000001001110110110010011010101001010111111011110100011011010100110100001
110000001111011101000111000010011111100010000011110111011000011100111110010100011000000010010000001010001011101100001011
100110111010000000011100010110110100111110110110011100010011001001100000111101110011010110111011101011011001001001111111
101100001010111101110001011100000001100100010000111001110110011011001101101000010111010000100001001011000011011111010001
101001111010100000000111000001111101001110111101101011110100110010011000100011010111111101101011111001010110001001011011
101011000000101111110000010111000111011011101001000011100101100110110011101110000011000000001111101011010000111011001011
111110011110101010000101110110011100010000001011111001001111001110110110001000101001011110111001001001110110100010011011
100011110000101010111111100010111101110110111010100011111010011010011100111011111111010000101011101011100010001110110001
101111000111111011100010110110111000100100100000110111000011010000110001110010000101000101101000001000101011111000100111
100101010101010000001010110100010011111110001110010001101001111111100100011111101100011100000011011011101111010001101101
110101010101010111011000010001110111010000111000111111001011001010001111110000100001110001111110010001001001000111000101
110000010100000000011011111111000101010110010011100000011110011010111000000110001100000111010100111111100011011101010101
100101000001110111001000001001011100000100111010001110110100110000100011101100111001101101010110101010001010000000010001
101111111101010001111111011011010001111111111010111000000001100111111010100101100011101100000011101011101000110110111111
111010000000000101000001000000010111001010010000110011011101101100010000111100110110100101011000000000001010100000001001
110000110101011100010111011110110101011000111010010110000100100001000110101001100000001101001011101011011111101101101101
100111110101010001110100001000000000000010100011111110111111111111111110000011101111100000011111111111000000111001000001
111111111111111111111111111111111111111111111111111111111111111111111111111111111111111111111111111111111111111111111181
