191111111111111111111111111111111111111111111111111111111111111111
100001011000100111000110000100001010011001110111101101101100000001
101101010011101100010100110101011000110011100000001001001001110111
111001000110001001111110100001010010000111101111111101011011111101
110011011100111011001011101100000111110101000001010101000000100001
111010010101110000011010100101110111000000011111010001110111101101
110000110101010111010000101100100010011101001001011100100101000101
100111100001010001110110101001110110110001101011000110101100011101
110000001100000100010100000011111110100111000000011110000001011001
111101111101111111000001101110101011101101011110110010111111001111
110000000101000101101101000100000010001001111100000110000000011001
110101011111010001001000011101110111011101001001110010111111001111
110111010000010101011101111001000000000100011011100110000010011001
110010000110110111110100001100011101110001110000101100101110110011
110110111110100101010101111001010000000111000111100001111000010111
111100000010101101000000100011011011101101011101001111000011010001
101001010110101100011010101001001111101000000001011000010111010101
101011110000100101110010101111111001000010111101110011110101000101
100001100111110000000110000100100011101010000100000110000100011101
101100101101111011011110110001101110101010101101101100111101110101
100101111000100010000011100101000000101110100000101001110000100101
101111100010101111110110001100011101100000101011100011010111110111
100000101110001000011100111001010001001110111000001011010100000001
101011111010111010111001100011111011011011111011111001000101110111
111010000000100010001111101111100010001001010000100011111101010011
110000111010001111111010101001001000111101011011101110100000010111
111010110011011000000010000011101111100100000010000000101111110011
110010011110000011011111111110111101001111111010111011100100100111
100111010000111001001000100000100101011000001000010000001101110011
101111010110101011011110110110001100000011100010110110100001000111
111110000100100010010100010011100001111010001011110100111101011101
100100110101111110110101110110110100001011011110011101100000000001
101111100001000100100000010000010101111110000100110001001111101101
100000001111110110001110110111110100000100110101100111011000000101
101011100000100010111000000000000111101101100001001110010011111101
101000111111101000001011111111111111100101001111111011111110000001
111111111111111111111111111111111111111111111111111111111111111181
